
### C++ example 
```
0, 0, 1
0, 0.707107, 0.707107
-0.382683, 0, 0, 0.92388
-0.382683, 0, 0, 0.92388
(-0.382683, 0, 0, 0.92388)

1, -0, 0, 0
0, 0.707107, 0.707107, 0
-0, -0.707107, 0.707107, 0
0, 0, 0, 1


Another example
(-0.266662, 0.0266662, 0, 0.963421)
0.998578, -0.0142218, 0.0513816, 0
-0.0142218, 0.857782, 0.513816, 0
-0.0513816, -0.513816, 0.85636, 0
0, 0, 0, 1

Initial : (-0.0513816, -0.513816, 0.85636)
Target : (0, 0, 1)
Transform H :
0.998578, -0.0142218, 0.0513816, 0
-0.0142218, 0.857782, 0.513816, 0
-0.0513816, -0.513816, 0.85636, 0
0, 0, 0, 1

transformed : (0, -2.98023e-08, 1)
```

--> target인 0, 0, 1 로 이동 확인



### Matlab results:
```
a =
   -0.0514   -0.5138    0.8564


b =
     0     0     1


r =
   -0.9950    0.0995         0    0.5426


m =
    0.9986   -0.0142    0.0514
   -0.0142    0.8578    0.5138
   -0.0514   -0.5138    0.8564


a_transformed =

         0
   -0.0000
    1.0000

```

--> target인 0, 0, 1 로 이동 확인

```
from cpp
0.998578, -0.0142218, 0.0513816, 0
-0.0142218, 0.857782, 0.513816, 0
-0.0513816, -0.513816, 0.85636, 0

from matlab
    0.9986   -0.0142    0.0514
   -0.0142    0.8578    0.5138
   -0.0514   -0.5138    0.8564

from python

[[ 0.99857782 -0.01422176  0.05138162]
 [-0.01422176  0.85778243  0.51381615]
 [-0.05138162 -0.51381615  0.85636026]]
```
