

```bash
0.05 0 0

         1          0          0
         0    0.99875 -0.0499792
         0  0.0499792    0.99875

0.05 0 0
==============================  
0.05 0 0

         1          0          0
         0    0.99875 -0.0499792
         0  0.0499792    0.99875

0.05 0 0
==============================
0.07 0 0
SO3::exp(omega1+omega2)
         1          0          0
         0   0.997551 -0.0699428
         0  0.0699428   0.997551

SO3::exp(omega1) * SO3::exp(omega2)
         1          0          0
         0   0.997551 -0.0699428
         0  0.0699428   0.997551

0.07 0 0
0.07 0 0
```