

### Run example

```
1 0 0
0 1 0
0 0 1

1 2 3
4 5 6
7 8 9

  3  -1
2.5 1.5

matrix 2x3 from 1 to 6: 
1 2 3
4 5 6

print matrix 2x3: 
1       2       3
4       5       6

0 0 0
0 0 0
0 0 0
 [1,2,3;4,5,6]*[3,2,1]= 10 28
 [1,2,3;4,5,6]*[4,5,6]= 32 77

 random matrix: 
  0.680375   0.59688 -0.329554
-0.211234  0.823295  0.536459
 0.566198 -0.604897 -0.444451
 transpose: 
  0.680375 -0.211234  0.566198
  0.59688  0.823295 -0.604897
-0.329554  0.536459 -0.444451
 sum: 1.61307
 trace: 1.05922
 times 10: 
  6.80375   5.9688 -3.29554
-2.11234  8.23295  5.36459
 5.66198 -6.04897 -4.44451
 inverse: 
 -0.198521   2.22739    2.8357
  1.00605 -0.555135  -1.41603
 -1.62213   3.59308   3.28973
 det: 0.208598

Eigen analysis of Real symmetric matrix
 0.828111 -0.110297 -0.589187
-0.110297   1.39998  0.513806
-0.589187  0.513806  0.593931
 Eigen values ​​= 
 0.0242899
 0.992154
  1.80558
 Eigen vectors = 
 -0.549013 -0.735943  0.396198
 0.253452 -0.598296 -0.760134
-0.796459  0.316906 -0.514998

-0.549013
 0.253452
-0.796459
================
-0.735943
-0.598296
 0.316906
```
